[[ 35   0   0   0   0   0   0   0   0   0   0   0   0   0   0   0   0   0
    0   0   0   0   0   0   0   0   0   0   0   0   0   0   0   0   0   0
    0   0   0   0   0   0   0   0   0   0   1   0   0   2   5   0   0   0
    0   0   0   0   0   1   0   0   0   0   0   0   0   0   0   0   0   0
    0   0   0   0   0   0   0   0   0   0   0   0   0   0   0   0   0   0
    0]
 [  0  28   0   0   0   1   0   0   1   0   0   0   1   1   0   0   0   0
    0   0   0   0   4   0   2   0   0   0   0   0   1   0   0   0   0   0
    0   0   0   0   0   0   1   0   0   0   0   0   0   0   0   0   0   0
    0   0   0   0   0   0   0   0   0   0   0   0   0   0   0   0   0   0
    0   0   0   1   0   0   1   0   0   0   0   0   0   1   1   0   0   0
    0]
 [  0   0  26   7   0   0   0   0   0   1   0   2   0   0   0   0   0   0
    0   0   0   1   0   0   0   0   0   0   0   0   0   0   0   0   0   0
    0   0   0   0   0   0   0   0   0   0   0   0   0   0   0   0   1   0
    0   0   1   0   0   0   0   0   0   0   0   0   0   0   0   0   0   1
    0   0   0   0   0   0   1   0   0   0   0   0   1   0   0   0   0   0
    0]
 [  0   0   1 120   0   0   0   0   0   0   0   0   0   0   0   0   0   0
    0   5   0   1   1   0   0   1   0   0   0   0   0   0   0   0   0   0
    0   0   0   0   0   0   0   0   0   0   0   0   0   0   0   0   6   0
    9   0   0   0   0   0   0   0   0   0   0   0   0   0   0   0   0   0
    1   0   1   0   0   0   0   1   0   0   1   1   3   0   2   0   0   0
    0]
 [  0   0   0   1 113   0   0   1   2   6   0   7   1   0   0   0   0   1
    0   0   0   0   2   0   0   1   0   0   0   0   0   0   0   0   0   0
    0   0   0   0   7   3   0   0   0   0   0   0   0   0   0   0   0   0
    2   0   1   0   0   0   0   0   1   0   0   1   0   0   0   0   1   2
    0   1   1   0   0   0   0   0   0   0   0   2   0   0   0   0   0   0
    0]
 [  0   0   0   0   0 114   1   0   1   0   0   0   0   0   0   0   0   0
    0   0   0   0   0   0   0   0   0   0   1   0   0   0   1   0   0   0
    0   0   0   0   0   0   0   1   0   0   0   2   0   0   0   0   0   0
    0   0   0   1   0   0   0   0   0   0   1   0   0   0   0   1   0   0
    0   0   0   0   0   0   0   0   0   0   1   0   0   0   0   0   0   0
    0]
 [  0   0   0   0   0   0  15   2  12  10   0   1   0   0   0   0   0   0
    0   0   0   0   0   0   0   0   0   0   0   0   0   0   0   0   0   0
    0   0   1   0   0   0   0   1   0   0   0   0   0   0   0   0   0   0
    0   0   0   0   0   0   0   0   0   0   0   0   0   0   0   0   0   1
    0   0   0   0   0   0   0   0   1   0   1   0   0   0   0   0   0   0
    0]
 [  0   0   0   0   0   1   1  18   1   7   0   0   1   0   0   0   0   0
    0   0   0   0   0   0   1   0   2   0   0   0   0   0   0   0   0   0
    0   1   0   0   0   0   0   2   0   0   0   0   0   0   0   0   0   0
    0   0   0   0   0   0   0   0   0   0   0   0   0   0   0   0   0   0
    0   0   0   0   0   0   1   0   0   0   0   0   0   0   0   0   0   0
    0]
 [  0   0   0   0   0   0   1   0  48  30   0   0   3   0   0   0   0   1
    0   0   0   0   0   0   0   0   0   0   0   0   0   0   0   0   0   0
    0   0   0   0   0   0   0   0   0   0   0   0   0   0   0   0   0   0
    2   0   0   0   0   0   0   0   0   0   0   0   0   0   0   0   0   1
    0   0   0   0   0   0   0   0   0   0   0   0   0   0   0   0   0   0
    0]
 [  0   0   0   3   1   0   2   2  20 231   0   1   3   0   0   0   0   1
    0   0   0   0   0   0   3   2   2   0   0   0   1   0   0   0   0   0
    0   1   0   2   1   0   0   0   0   0   0   1   0   0   0   0   0   0
    2   0   2   0   0   0   0   0   0   0   0   0   0   0   0   0   0   2
    0   0   0   0   0   0   1   0   0   0   0   1   0   0   0   0   0   2
    1]
 [  0   0   0   2   0   0   0   0   0   0  44  13  13   0   0   0   0   0
    0   2   0   0   0   0   0   2   0   0   0   0   0   0   0   0   0   0
    0   0   0   0   0   1   0   0   0   0   0   0   0   0   0   0   0   0
    0   0   0   0   0   4   0   0   0   0   0   0   0   1   0   0   0   0
    0   0   0   0   1   0   1   0   0   0   0   0   0   0   0   0   1   0
    0]
 [  0   0   0   0   1   0   0   0   1   1   9  41  16   1   0   0   0   0
    0   4   0   0   0   0   0   0   1   0   0   0   0   0   0   0   0   0
    0   0   0   0   0   1   0   0   0   0   0   0   0   0   0   0   0   0
    0   0   0   0   3   1   0   0   0   0   0   0   0   0   0   0   0   0
    0   0   0   0   0   0   0   0   0   0   0   1   0   0   1   0   0   0
    0]
 [  0   0   0   0   3   0   0   0   0   4  12   9 298   0   0   0   1   0
    0   2   0   0   0   0   1   3   1   0   0   0   1   0   0   0   0   0
    0   1   0   0   1   0   0   0   0   0   1   0   0   0   0   0   0   1
    8   0   0   0   0   3   0   0   0   0   0   0   0   0   0   1   0   2
    0   0   0   0   1   0   0   0   0   1   0   0   0   0   2   0   0   0
    0]
 [  0   0   0   0   0   0   0   0   0   1   0   0   0  68   0   2  11   0
    0   1   0   1   0   0   1   0   0   0   0   0   0   0   0   0   0   0
    0   0   0   0   0   0   0   0   0   0   0   0   0   0   0   0   0   0
    1   0   0   0   0   0   0   0   0   0   0   0   1   0   0   0   0   1
    0   0   0   0   1   0   1   0   0   0   0   0   0   0   0   0   0   0
    0]
 [  0   0   0   0   0   0   0   0   0   0   0   0   1   2  27   2   0   0
    0   0   0   0   0   0   0   0   0   0   0   0   0   0   0   0   0   0
    0   0   0   0   0   0   0   1   0   0   0   0   0   0   0   0   0   0
    0   0   0   0   0   0   0   0   0   0   0   0   0   0   0   0   0   0
    0   0   0   0   0   0   2   0   0   0   0   0   0   4   0   0   0   0
    0]
 [  0   0   0   0   0   0   0   0   0   0   0   0   0   2   1  28   2   0
    0   0   0   1   0   0   0   0   0   0   0   0   0   0   0   0   0   0
    0   0   0   0   0   0   0   0   0   0   0   0   0   0   0   0   0   0
    0   0   0   0   0   0   0   0   0   0   0   0   0   0   0   0   0   0
    0   0   0   0   0   0   1   0   0   0   0   0   0   0   0   0   0   0
    0]
 [  0   0   0   0   1   0   0   0   0   0   0   1   2  17   0   1  42   0
    0   0   0   1   0   0   0   0   0   0   0   0   0   0   0   0   0   0
    0   0   0   0   0   0   0   0   0   1   0   0   0   0   0   0   0   0
    0   0   0   0   0   0   0   0   0   0   0   2   0   0   0   0   0   0
    0   0   0   0   0   0   1   0   0   0   0   1   0   0   0   0   0   0
    0]
 [  0   0   0   0   1   0   0   0   0   1   0   0   1   0   0   0   5  52
    0   0   0   0   0   0   0   2   0   0   0   0   0   0   0   0   0   0
    0   0   0   0   2   1   0   0   0   0   0   0   0   0   0   0   0   0
    1   0   0   0   0   0   0   0   2   0   0   2   0   0   0   0   0   0
    0   0   0   0   0   0   0   0   3   0   1   0   0   0   1   0   0   0
    0]
 [  0   0   0   0   0   0   0   0   0   0   3   0   0   0   0   0   0   0
   24   0   0   0   0   0   0   1   0   0   0   0   0   1   2   0   0   0
    0   0   0   0   0   0   0   4   0   0   0   1   0   0   0   0   0   0
    1   0   0   0   0   2   0   0   0   0   0   0   0   0   0   0   0   0
    0   0   0   0   0   0   0   0   0   0   0   0   1   0   0   0   2   0
    0]
 [  0   0   0   3   0   0   0   0   0   0   0   0   4   0   0   0   0   0
    0  95   0   2   0   0   0   0   0   0   0   0   0   0   0   0   0   0
    0   0   0   0   0   0   0   0   0   0   0   0   0   0   0   0   1   0
    7   0   0   0   0   1   0   0   0   0   0   0   0   0   0   0   0   0
    0   0   0   0   0   0   0   0   0   0   0   0   1   0   0   0   0   0
    0]
 [  0   0   0   0   0   0   0   0   0   0   0   0   0   0   0   0   0   0
    1   0  27   0   0   0   0   6   0   0   1   0   0   0   0   0   0   0
    0   0   0   0   0   0   0   1   0   0   0   6   0   0   0   0   0   0
    0   0   0   0   0   1   0   0   0   1   0   0   0   0   0   0   0   0
    0   0   0   0   0   0   0   0   0   0   0   0   0   0   0   0   0   0
    0]
 [  0   0   1   2   0   0   1   0   1   0   0   0   0   0   0   0   0   0
    0   2   0  68   0   0   0   3   0   0   0   0   0   0   0   0   0   0
    0   0   0   0   0   0   0   0   0   0   2   1   0   0   0   0   1   0
    1   0   0   0   0   0   0   0   0   0   0   0   0   0   0   0   0   0
    0   0   1   0   0   0   0   0   0   0   0   0   0   0   0   0   0   0
    0]
 [  0   0   0   2   0   3   0   0   0   0   0   1   3   0   0   0   0   0
    0   0   0   1 190   0   4  22   0   0   0   0   1   1   2   0   0   0
    0   0   0   0   3   0   0   9   0   1   0  16   0   0   0   1   1   2
    0   0   0   0   1   1   0   0   2   0   0   0   0   0   0   0   0   1
    0   0   0   0   1   0   0   0   0   1   1   1   0   0   3   0   0   0
    0]
 [  0   0   0   0   0   0   0   0   0   0   0   0   0   0   0   0   0   0
    0   0   0   1   3  19   2   1   0   0   0   0   0   0   0   0   0   0
    0   2   0   0   0   0   0   1   0   0   0   3   0   0   0   0   0   0
    0   0   0   2   0   3   0   0   0   1   0   0   0   1   0   0   0   0
    0   1   0   0   0   0   0   0   0   0   0   0   0   0   0   0   0   0
    0]
 [  0   0   0   0   0   0   0   0   0   0   0   0   1   0   0   0   0   0
    0   2   0   1   5   1  79   8   0   0   0   0   0   0   0   1   0   0
    0   1   0   0   0   0   0   1   0   0   0   2   0   0   0   0   0   1
    4   0   0   0   0   1   0   0   0   0   0   0   0   0   0   0   0   0
    0   0   1   0   1   0   1   0   0   1   0   0   2   0   0   0   0   1
    0]
 [  0   0   0   4   2   0   0   1   0   3   0   2   0   0   0   0   1   1
    0   1   1   2   4   0   1 387   0   0   0   0   0   0   1   0   0   0
    0   3   0   0   5   0   3   2   1   1   1   5   0   0   0   0   0   0
   14   0   0   1   0   1   0   0   0   1   0   1   0   0   0   0   0   0
    0   0   1   1   2   0   0   0   1   2   2   0   3   0   1   0   1   0
    0]
 [  0   0   0   0   1   0   0   0   0   0   1   0   0   0   0   0   0   0
    0   1   0   0   0   0   0   1  64   0   4   0   0   0   0   0   0   0
    0   1   1   0   0   0   0   7   0   0   1   0   0   0   0   0   0   0
    1   3   0   0   0   1   0   0   0   0   0   1   0   0   0   0   0   0
    0   0   0   0   0   0   0   0   0   0   0   0   0   0   0   0   0   0
    0]
 [  0   0   0   0   0   0   0   0   0   0   0   0   0   0   0   0   0   0
    0   0   0   0   0   0   1   3   0  34   0   0   0   0   1   0   0   0
    0   0   0   0   0   0   0   0   1   0   0   0   0   0   0   0   0   0
    0   0   0   0   0   3   0   0   0   0   0   0   0   0   0   0   0   0
    0   0   0   0   0   0   0   0   0   0   0   0   0   0   0   0   0   0
    0]
 [  0   0   0   1   0   0   0   0   0   2   1   0   0   0   0   0   0   0
    0   1   1   0   2   0   1   2   1   0  57   1   0   0   0   3   0   0
    0   2   0   0   0   0   0   2   0   0   0   0   0   0   0   0   1   0
    5   0   0   0   0   1   0   0   0   0   0   0   0   0   0   0   0   0
    0   0   0   0   0   0   3   0   0   0   1   0   0   0   0   0   0   0
    0]
 [  0   0   0   0   0   1   0   0   0   0   0   0   0   0   0   0   0   0
    0   0   0   0   0   0   0   0   0   0   1  23   0   0   1   0   0   0
    0   0   0   0   0   0   0   1   0   0   0   0   0   0   0   4   0   0
    0   0   0   0   0   1   0   0   0   1   0   0   0   0   0   0   0   0
    0   0   0   0   0   2   0   0   0   2   0   0   0   0   0   0   0   0
    0]
 [  0   1   0   0   0   0   0   0   0   0   2   1   2   1   0   0   0   0
    1   0   0   0   1   0   0   0   0   0   0   0  31   0   1   0   0   0
    0   0   0   0   0   0   0   2   0   0   0   0   0   0   0   0   0   0
    0   0   0   0   0   0   0   0   0   0   0   0   0   0   0   0   0   0
    0   0   0   1   0   0   0   0   0   1   0   0   0   0   0   0   0   0
    0]
 [  0   0   0   0   0   0   0   0   0   0   0   0   0   0   0   0   0   0
    0   0   0   0   0   0   0   0   0   0   0   0   0  36   0   0   0   0
    0   0   0   0   0   0   0   2   0   0   0   0   1   0   0   0   0   0
    2   0   0   0   0   0   0   0   0   0   0   0   0   0   0   0   0   0
    0   0   0   1   0   0   0   0   0   1   0   0   0   0   0   0   0   0
    0]
 [  0   0   0   0   0   0   0   0   0   0   0   0   0   0   0   0   0   0
    1   0   0   0   1   0   0   4   0   1   0   0   0   0  85   0   1   7
    0  11   0   0   0   0   0   5   1   2   0   2   0   0   0   0   0   0
    1   0   0   1   0   2   0   0   0   0   0   0   0   0   0   0   0   0
    0   0   0   0   0   0   0   0   0   0   0   0   0   0   0   0   0   0
    0]
 [  0   0   0   0   0   0   0   0   0   0   0   0   0   0   0   0   0   0
    0   0   1   1   0   0   3   2   0   1   4   0   0   0   3  19   1   0
    0   3   0   0   0   0   0   0   0   0   0   0   0   0   0   0   0   0
    0   0   0   0   0   1   0   0   0   0   0   0   0   0   0   0   0   0
    0   0   0   0   0   0   1   0   0   0   0   0   0   0   0   0   0   0
    0]
 [  0   0   0   0   0   0   0   0   0   0   0   0   1   0   0   0   0   0
    0   0   0   0   6   0   0   4   0   0   0   0   0   0   5   3  64   4
    0   8   0   0   0   0   0   3   0   2   2   0   0   0   0   0   0   0
    1   0   0   0   0   3   1   0   0   0   0   0   0   0   0   0   0  17
    0   0   0   0   0   0   0   0   0   0   1   0   0   0   0   0   0   0
    0]
 [  0   0   0   0   0   0   0   0   0   0   0   0   0   0   0   0   0   0
    0   0   0   0   1   0   0   4   0   0   0   0   0   0  12   0   4  55
    0   0   0   0   0   0   0   0   0   3   1   1   0   0   0   0   0   0
    0   0   0   0   0   2   0   0   0   0   0   0   0   0   0   0   0   0
    0   0   0   0   0   0   0   0   0   0   0   0   0   0   0   0   0   0
    0]
 [  0   0   0   0   0   1   0   0   0   0   0   0   0   0   0   0   0   1
    0   0   0   0   0   0   0   5   0   0   0   0   0   0   0   0   0   0
   27   0   0   0   1   0   0   0   0   0   0   0   0   0   0   0   0   0
    0   0   0   0   0   1   0   0   0   0   0   0   0   0   0   0   0   0
    0   1   1   0   1   0   0   0   0   0   0   0   0   0   0   0   0   0
    0]
 [  0   1   0   0   1   0   1   0   0   1   0   0   4   0   0   0   0   0
    0   0   0   2   0   0   3   4   0   0   0   1   0   0  15   0   1   0
    0 114   0   2   1   0   0   3   0   0   1   0   0   0   0   0   0   0
    5   0   0   0   0   2   0   0   0   0   0   0   0   1   0   0   0   0
    0   0   0   0   0   0   0   0   1   0   2   0   2   0   0   0   0   0
    0]
 [  0   0   0   2   0   0   0   0   0   3   0   0   1   0   0   0   0   0
    0   0   0   0   6   0   0   1   0   0   1   0   0   1   0   0   0   0
    2   0  21   0   0   0   0   1   0   0   0   0   0   0   0   0   0   0
    2   0   0   0   0   0   0   0   0   0   0   0   0   0   0   0   0   0
    0   2   0   1   1   0   0   0   1   0   0   0   0   0   0   0   0   0
    0]
 [  0   0   0   0   0   0   0   0   0   0   1   0   1   0   0   0   0   0
    0   0   0   0   0   0   0   0   0   0   0   0   1   0   0   0   0   0
    0   0   0  52   1   0   0   0   0   0   1   0   0   0   0   0   0   0
    0   0   0   0   0   1   0   0   0   0   0   1   0   0   0   0   0   0
    0   0   0   0   0   0   0   0   0   0   0   0   0   0   1   0   0   0
    0]
 [  0   0   0   0   0   0   0   0   0   4   0   0   1   0   0   0   0   1
    0   0   0   0   0   0   0   3   0   0   0   0   0   0   0   0   0   0
    0   1   0   1 144   1   0   0   0   0   0   0   0   0   0   0   0   0
    2   0   0   0   1   0   0   1   1   0   0   0   0   0   1   0   0   0
    0   0   0   0   0   0   0   0   0   0   0   0   0   0   0   0   0   0
    0]
 [  0   0   0   0   0   0   0   0   0   0   0   2   0   0   0   0   0   0
    0   3   0   0   0   0   0   2   0   0   0   0   0   0   0   0   0   0
    0   0   0   0   3  30   0   0   0   0   0   0   0   0   0   0   0   0
    0   0   0   0   0   0   0   0   0   0   0   0   0   0   0   0   1   0
    0   0   0   0   0   0   0   0   0   0   0   2   0   0   0   0   0   0
    0]
 [  0   0   0   0   0   0   0   0   0   0   0   0   0   0   1   0   2   0
    0   0   0   1   3   0   0   2   0   0   0   0   0   0   0   0   0   0
    2   0   0   0   0   0  19   1   0   0   0   0   0   0   0   0   0   0
    1   0   0   0   0   1   1   0   6   0   0   0   0   0   1   0   0   0
    0   0   0   0   0   0   0   0   3   0   0   0   0   0   0   0   0   1
    0]
 [  0   0   0   0   0   1   0   1   0   1   1   0   0   0   0   0   0   0
    1   0   0   1   4   0   0   7   2   0   0   1   2   2   3   0   0   0
    1   1   0   0   1   0   0 132   0   2   0   5   0   0   0   0   0   0
    1   0   0   1   0   0   1   0   0   0   1   0   0   0   0   0   0   2
    0   0   0   1   0   0   0   0   0   1   0   0   0   0   0   0   1   0
    0]
 [  0   0   0   0   0   0   0   0   0   0   0   0   0   0   0   0   0   0
    0   0   0   0   0   0   0   0   0   2   0   0   0   0   1   0   0   0
    0   0   0   0   0   0   0   1  27   0   7   1   0   0   0   0   0   0
    0   0   0   1   0   0   0   0   0   3   0   0   0   0   0   0   0   0
    0   0   0   0   0   0   0   0   0   0   0   0   1   0   0   0   0   0
    0]
 [  0   0   0   0   0   0   0   0   0   0   0   0   0   0   0   0   0   0
    0   0   0   0   0   0   0   0   0   0   0   0   0   0   2   0   1   2
    0   0   0   0   0   0   0   2   1  28   1   0   0   0   0   0   0   0
    0   0   0   1   0   1   0   0   0   0   0   0   0   0   0   0   0   0
    0   0   0   0   0   0   1   0   0   0   0   0   1   0   0   0   1   0
    0]
 [  0   0   0   0   0   0   0   0   0   1   0   0   0   0   0   0   0   0
    0   1   0   0   0   0   0   3   0   0   0   0   0   0   1   0   0   0
    0   1   0   0   0   0   0   3   0   3 162   3   0   0   0   0   0   0
   17   0   0   0   1   2   0   0   0   0   0   0   0   0   0   0   0   1
    0   0   0   0   0   0   0   1   0   0   2   0   3   0   0   0   0   0
    0]
 [  0   0   0   0   0   3   0   0   0   0   0   0   0   0   0   0   0   0
    0   1   2   0  13   0   0  21   0   0   0   0   0   0   1   0   0   0
    0   0   0   0   0   0   0   0   1   0   2 174   0   0   0   0   1   0
    0   0   0   1   0  11   0   0   0   0   0   0   0   0   0   0   0   0
    0   0   2   0   0   0   0   0   0   0   0   0   2   0   0   0   0   0
    0]
 [  0   2   0   0   0   0   0   0   0   0   0   0   0   0   0   0   0   0
    0   0   0   0   1   0   0   0   0   0   0   0   0   0   0   0   0   0
    0   0   0   0   0   0   0   2   0   0   0   0  36   0   0   0   0   0
    0   0   0   0   0   0   0   0   0   0   0   0   0   0   0   0   0   0
    0   1   0   2   0   0   0   0   0   0   0   0   0   0   0   0   0   0
    0]
 [  6   0   0   0   0   0   0   0   0   0   0   0   0   0   0   0   0   0
    0   0   0   0   0   0   0   0   0   0   0   0   0   0   0   0   0   0
    0   0   0   0   0   0   1   0   0   0   0   1   0  29   3   0   0   0
    0   0   0   0   0   2   0   0   0   1   0   0   0   0   0   0   0   0
    0   0   0   0   0   0   0   0   0   0   0   0   0   0   0   0   0   0
    0]
 [  0   0   0   0   0   0   0   0   0   0   0   0   0   0   0   0   0   0
    0   0   0   0   0   0   0   3   0   0   0   0   0   0   0   0   0   0
    0   0   0   0   0   0   0   0   0   0   0   3   0   5  18   0   0   0
    0   0   0   0   0  10   0   0   0   0   0   0   0   0   0   0   0   0
    0   0   0   0   0   0   0   0   0   0   0   0   0   0   0   0   0   0
    0]
 [  0   0   0   0   0   0   0   0   0   0   0   0   1   0   0   0   0   0
    0   1   0   0   0   0   0   0   0   0   0   0   0   0   0   0   0   0
    0   0   0   0   0   0   0   0   0   0   0   0   0   0   0  26   8   0
    2   0   0   0   0   0   0   0   0   0   0   0   0   0   0   0   0   0
    0   0   0   0   0   0   0   0   0   2   0   0   1   0   0   0   0   0
    0]
 [  0   0   0   6   0   0   0   0   1   2   0   0   0   0   0   0   0   0
    0   2   0   1   0   0   0   0   0   0   1   0   0   0   0   0   0   0
    0   0   0   0   0   0   0   1   0   0   0   0   0   0   0   2  79   1
   18   0   0   0   0   0   0   0   0   0   0   0   0   0   0   0   0   1
    0   0   0   0   0   0   0   0   0   0   1   0   3   0   0   0   0   0
    0]
 [  0   0   0   1   0   0   0   0   0   0   0   0   2   0   0   0   0   0
    0   0   0   0   1   0   0   1   0   0   0   0   1   0   0   0   0   0
    0   0   0   0   0   0   0   0   0   0   0   0   0   0   0   0   0  24
   11   0   0   0   0   0   0   0   0   0   0   0   0   0   0   0   0   0
    0   0   0   0   0   0   0   0   0   0   1   0   0   0   0   0   0   0
    0]
 [  0   0   0   3   0   0   0   0   0   1   1   0   4   0   0   0   0   0
    0   9   0   0   1   0   2   2   0   0   1   0   2   1   0   0   0   0
    0   0   0   1   2   0   0   0   1   0   4   0   0   0   0   0   3   1
  332   1   1   0   1   1   0   0   0   0   0   0   0   0   0   1   0   4
    1   0   0   0   1   0   0   0   0   0   3   0   2   0   3   0   0   1
    0]
 [  0   0   0   0   0   0   0   0   0   0   0   0   0   0   0   0   0   0
    0   0   0   0   0   0   0   0   0   0   0   0   0   0   0   0   0   0
    0   0   0   0   0   0   0   0   2   0   0   0   0   0   0   0   0   0
    4  22   1   0   0   0   0   0   0   0   0   0   0   0   0   0   0   0
    0   0   2   0   0   0   0   0   0   0   0   0   0   0   1   0   0   0
    0]
 [  0   0   0   3   0   0   0   0   0   1   0   2   1   0   0   0   0   0
    0   1   0   0   0   0   0   1   0   0   1   0   0   0   0   0   0   0
    0   0   0   0   0   0   0   0   0   0   0   0   0   0   0   0   0   0
    1   0  18   0   0   0   0   0   0   0   0   0   0   0   0   0   0   4
    0   0   0   0   0   0   0   0   0   0   0   1   0   0   0   0   0   0
    0]
 [  0   0   0   0   0   0   0   0   0   0   0   0   0   0   0   0   0   0
    1   0   0   0   0   0   0   1   0   0   0   0   0   0   1   0   0   0
    0   0   0   0   0   0   0   1   0   1   0   2   0   0   0   0   0   0
    0   0   0  30   0   3   0   0   0   0   0   0   0   0   0   0   0   0
    0   0   0   0   0   0   0   0   0   0   0   0   0   0   0   0   0   0
    0]
 [  0   0   0   0   2   0   0   0   0   2   0   3   2   0   0   0   0   2
    0   0   0   0   0   0   0   0   0   0   0   0   0   0   0   0   0   0
    0   0   0   0   3   0   0   0   0   0   0   0   0   0   0   0   0   0
    2   0   0   0  21   0   0   0   0   0   0   0   0   0   0   0   0   0
    0   0   1   0   4   0   0   0   3   0   0   1   0   0   0   0   0   0
    0]
 [  0   0   0   0   0   1   0   0   0   1   2   0   0   0   0   0   0   0
    0   0   0   0   0   0   0   0   0   1   0   0   0   0   0   0   0   0
    0   3   0   0   0   0   0   0   0   0   0   1   0   0   1   0   0   0
    0   0   0   1   0 207   0   0   0   0   0   0   0   0   0   0   0   0
    0   0   0   0   0   0   0   0   0   0   0   0   0   0   0   0   0   0
    0]
 [  0   1   0   0   0   0   0   0   0   1   0   0   0   0   1   0   0   0
    0   0   0   0   0   0   0   3   0   0   0   0   0   0   0   0   0   0
    0   0   0   0   0   0   0   0   0   0   0   0   0   0   0   0   0   0
    1   0   0   0   0   0  35   0   0   1   0   0   0   0   1   0   0   0
    0   0   0   0   0   0   0   0   0   0   0   0   0   0   0   0   0   0
    0]
 [  0   0   1   1   0   0   0   0   0   4   0   0   0   0   0   0   0   0
    0   0   0   0   1   0   0   0   0   0   0   0   0   0   0   0   0   0
    0   0   1   0   0   1   0   0   0   0   0   0   0   0   0   0   0   0
    0   0   0   0   0   0   0  24   3   0   0   0   0   0   0   0   0   0
    0   0   0   0   0   0   0   0   0   0   0   0   0   0   0   0   0   0
    0]
 [  0   0   0   0   1   0   0   0   0   3   0   0   0   0   0   0   2   1
    0   0   0   0   0   0   0   0   0   0   0   0   0   0   0   0   0   0
    0   0   1   0   3   0   0   1   0   0   0   0   0   0   0   0   0   0
    0   0   0   0   0   0   1   3  58   0   0   0   0   0   2   0   0   0
    0   0   0   0   0   0   1   0   0   0   0   0   0   0   0   0   0   1
    0]
 [  0   0   0   0   0   1   0   0   0   0   0   0   0   0   0   0   0   0
    0   0   0   0   0   0   0   0   0   0   1   0   0   0   0   0   0   0
    0   0   0   0   0   0   0   0   1   0   1   1   0   0   0   0   1   0
    5   0   0   0   0   0   0   0   0  70   0   0   0   2   0   0   0   0
    0   0   0   0   0   0   0   0   0   0   0   0   0   0   0   1   0   0
    0]
 [  0   0   0   0   0   1   0   0   0   0   2   0   1   1   0   1   0   0
    0   2   0   0   1   0   0   0   0   0   1   0   0   0   0   0   0   0
    0   0   0   0   0   0   0   1   0   0   0   0   0   0   0   0   0   0
    0   0   0   0   0   0   0   0   0   0  26   0   0   0   0   0   0   0
    0   0   0   0   0   0   2   0   0   0   0   0   0   0   0   0   0   0
    0]
 [  0   0   0   0   0   0   0   0   0   0   0   0   0   0   0   0   0   1
    0   0   0   0   0   0   0   0   0   0   0   0   0   0   0   0   0   0
    0   0   0   3   0   0   0   0   0   0   0   0   0   0   0   0   0   0
    0   0   0   0   0   0   0   0   0   0   0  31   0   0   0   0   0   0
    0   0   0   0   0   0   0   0   0   0   0   0   0   0   0   0   0   0
    1]
 [  1   0   0   0   0   0   0   0   0   1   0   0   1   0   0   0   0   0
    0   2   0   0   0   0   0   1   0   0   0   0   0   0   0   0   0   0
    0   0   0   0   0   0   0   1   0   0   0   0   0   0   0   0   0   0
    0   0   0   0   0   1   0   0   1   0   0   0  15   0   0   0   0   1
    0   0   0   0   0   0   2   0   0   2   0   0   0   0   0   0   0   0
    0]
 [  0   0   0   0   0   0   0   0   0   0   0   0   0   0   0   0   0   0
    0   1   0   0   0   0   0   2   0   1   0   0   0   0   0   0   0   0
    0   0   0   0   0   0   0   0   0   0   1   2   0   0   0   1   0   0
    0   0   0   0   0   3   0   0   0   1   0   0   0  21   0   0   0   0
    0   0   1   0   0   0   0   0   0   0   0   0   1   0   0   0   1   0
    0]
 [  0   0   0   0   1   0   0   0   0   0   0   0   1   0   0   0   0   1
    0   0   0   0   0   0   0   0   0   0   0   0   0   0   0   0   0   0
    0   0   0   0   2   0   0   0   0   0   0   0   0   0   0   0   0   0
    0   0   0   0   0   0   0   0   1   0   0   0   0   0  36   0   0   0
    0   0   0   0   0   0   0   0   0   0   0   2   0   0   0   0   0   0
    0]
 [  0   0   0   0   0  14   0   0   0   0   0   0   0   0   0   0   0   0
    0   0   0   0   1   0   0   0   0   0   0   0   0   0   0   0   0   0
    0   0   0   0   0   0   0   4   0   0   0   0   1   0   0   0   0   0
    0   0   0   0   0   0   0   0   0   0   1   0   0   0   0  22   0   2
    0   0   0   0   0   0   1   0   0   0   0   0   0   0   0   2   0   0
    0]
 [  0   0   0   0   0   0   0   0   0   3   0   3   5   0   0   0   1   1
    0   0   0   0   0   0   0   0   0   0   0   0   0   0   0   0   0   0
    1   0   0   0   0   0   0   0   0   0   0   0   0   0   0   0   0   0
    1   0   0   0   1   0   0   1   0   0   0   0   0   0   0   0  15   3
    0   0   0   0   0   0   0   0   1   0   0   0   0   0   0   0   0   0
    0]
 [  0   0   0   0   1   1   0   0   0   1   0   0   6   0   0   0   0   0
    0   0   0   0   0   0   0   0   0   0   1   0   0   0   0   0   1   0
    0   0   0   0   0   0   0   1   0   0   1   0   0   0   0   0   2   0
    8   0   0   0   0   2   0   0   0   1   0   0   0   0   0   0   0 145
    0   0   0   0   0   0   1   0   0   1   0   0   0   0   0   0   0   0
    0]
 [  0   0   0   3   0   0   0   1   0   2   0   0   1   0   0   0   0   0
    0   1   0   1   0   0   1   0   0   0   0   0   0   0   0   0   1   0
    0   0   1   1   0   0   0   0   0   0   1   0   0   0   0   0   0   0
    1   0   0   0   0   0   0   0   0   0   0   0   0   0   0   0   0   0
   26   0   0   0   0   0   0   1   0   0   1   0   2   0   1   0   0   1
    0]
 [  0   1   0   0   0   2   0   0   0   0   0   0   0   0   0   0   0   0
    0   0   0   0   3   0   0   1   0   0   0   0   0   0   0   0   0   0
    0   0   0   0   0   0   0   0   0   0   0   0   0   0   0   0   1   0
    0   0   0   0   0   1   0   0   0   0   0   0   0   0   0   0   0   0
    2  29   0   5   0   0   1   0   0   0   0   0   0   0   0   0   0   0
    0]
 [  0   0   0   0   0   0   0   0   0   0   0   0   0   0   0   0   0   0
    0   1   0   0   0   0   0   3   0   0   0   0   0   0   0   0   0   0
    0   0   0   1   2   0   0   2   0   0   6   1   0   0   0   0   0   0
   12   0   0   0   0   1   0   0   0   0   0   0   0   0   0   0   0   1
    0   0  89   0   1   0   0   0   0   0   0   0   1   0   3   0   0   0
    0]
 [  0   1   0   0   0   1   0   0   0   0   0   0   0   0   0   0   0   0
    0   0   0   0   0   0   0   0   0   0   0   0   0   0   0   0   0   0
    0   0   0   0   0   0   0   2   0   0   0   0   0   0   0   0   0   0
    0   0   0   0   0   0   0   0   0   0   0   0   0   0   0   0   0   0
    0   2   0  37   0   0   0   0   0   1   0   0   0   0   0   0   0   0
    0]
 [  0   0   0   0   1   0   0   0   1   0   0   1   0   0   0   0   0   0
    0   1   0   0   0   0   0   4   0   0   0   0   0   0   0   0   0   0
    0   0   0   0   2   0   0   1   0   0   0   0   0   0   0   0   0   0
    0   0   1   0   1   0   0   0   0   0   0   0   0   0   0   0   1   1
    0   0   1   0  17   0   0   0   0   0   1   7   0   0   2   0   0   0
    0]
 [  0   0   0   0   0   0   0   0   0   0   0   0   0   0   0   0   0   0
    0   0   0   1   1   0   0   0   0   0   0   2   0   0   2   0   1   0
    0   5   0   0   0   0   0   2   0   0   0   1   0   0   0   0   0   0
    1   0   0   0   0   1   0   0   0   0   0   0   0   0   0   0   0   0
    0   0   0   0   0  23   0   0   0   1   0   0   0   0   0   0   0   0
    0]
 [  0   1   0   0   2   0   0   0   0   0   0   1   1   0   0   0   0   0
    0   0   0   0   0   0   0   1   0   0   0   0   0   0   0   1   0   0
    0   0   0   0   0   0   0   0   0   0   0   0   1   0   0   0   0   0
    0   0   0   0   0   0   0   0   0   0   0   0   1   0   0   1   0   0
    0   0   1   0   0   0  99   0   0   0   0   0   0   0   1   1   0   0
    0]
 [  0   0   0   0   0   0   0   0   0   0   0   0   0   0   0   0   0   0
    0   0   0   0   0   0   0   4   0   0   0   0   0   0   0   0   0   0
    0   0   0   0   0   0   0   1   0   0   1   0   0   0   0   0   0   0
    3   0   0   0   0   2   0   0   0   0   0   0   0   0   0   0   0   0
    0   0   0   0   0   0   0  18   0   0   1   0   9   0   2   0   0   0
    0]
 [  0   0   0   0   3   0   0   0   0   0   1   0   0   0   0   0   0   6
    0   0   0   0   0   0   0   4   0   0   0   0   0   0   0   0   0   0
    0   0   0   2   1   1   2   1   0   0   0   0   0   0   1   0   0   0
    1   0   0   0   1   0   0   0   0   0   0   0   0   0   0   0   0   0
    0   0   0   0   0   0   0   0  61   0   0   0   0   0   2   0   0   0
    0]
 [  0   0   0   0   0   1   0   0   0   0   0   0   1   0   0   0   0   0
    0   0   0   0   0   0   2   0   0   0   1   0   1   0   0   0   0   0
    0   0   0   0   0   0   0   2   0   0   0   1   0   0   0   0   0   0
    0   0   0   0   0   0   0   0   0   0   0   0   0   1   0   0   0   0
    0   0   1   0   0   0   1   1   0  23   2   0   0   0   0   0   0   0
    0]
 [  0   0   0   3   0   0   0   0   1   1   0   3   2   0   0   0   0   0
    0   4   0   2   0   0   0   1   0   0   0   1   0   0   2   0   0   0
    0   1   0   1   0   0   0   3   0   0   1   2   0   0   0   0   0   0
    6   0   0   0   0   2   0   1   0   0   0   0   0   0   0   0   0   0
    0   0   0   0   0   0   0   3   0   3  80   0   0   0   4   0   0   1
    0]
 [  0   0   0   0   0   0   0   0   0   1   0   1   1   0   0   0   0   1
    0   2   0   0   0   0   0   0   0   0   0   0   0   0   0   0   0   0
    0   0   0   0   2   0   0   0   0   0   0   0   0   0   0   0   0   0
    2   0   5   0   0   0   0   0   0   0   0   0   0   0   0   0   0   0
    0   0   0   0   3   0   0   0   0   0   0  20   0   0   0   0   0   0
    0]
 [  0   0   0   4   0   0   0   0   0   0   1   0   3   0   0   0   0   0
    0   1   0   0   0   0   1   2   0   1   0   0   0   0   1   0   0   0
    0   0   0   0   0   0   0   0   0   1   1   1   0   0   0   0   1   0
   22   0   0   0   0   4   0   0   0   1   0   0   0   0   0   0   0   0
    2   0   0   1   0   0   0   2   0   0   0   0 111   0   3   0   0   0
    0]
 [  0   0   0   0   0   2   0   0   0   0   0   0   0   0   0   0   0   0
    0   0   0   0   0   0   0   0   0   0   0   0   1   0   0   0   0   0
    0   0   0   0   0   0   0   2   0   0   0   1   0   0   0   0   0   0
    0   0   0   0   0   1   0   0   0   1   0   0   0   0   0   0   0   0
    0   1   0   0   0   0   0   0   0   0   0   0   0  36   0   1   0   0
    0]
 [  0   0   0   1   0   0   0   0   1   0   1   0   3   1   0   0   1   0
    0   2   0   0   0   0   0   1   0   0   0   0   0   0   0   0   0   0
    0   1   0   2   1   0   0   0   0   0   0   0   0   0   0   0   0   0
    1   0   2   0   0   0   0   0   0   0   0   0   1   0   0   0   0   0
    0   0   1   0   0   0   0   0   0   0   2   0   1   0  62   0   0   0
    0]
 [  0   0   0   0   0   4   0   0   0   0   0   0   0   0   1   0   0   0
    0   0   0   0   0   0   0   0   0   0   0   0   0   0   0   0   0   0
    0   0   0   0   0   0   0   0   0   0   0   0   0   0   0   0   0   0
    0   0   0   0   0   0   0   0   0   0   0   0   0   0   0   0   0   0
    0   0   0   0   0   0   2   0   0   0   0   0   0   3   0  35   0   0
    0]
 [  0   0   0   0   0   0   0   0   0   0   2   0   2   0   0   0   0   0
    0   0   0   0   0   0   0   0   0   0   0   0   0   0   5   0   0   0
    0   0   0   0   0   0   0   0   0   0   0   0   0   0   0   0   0   0
    2   0   0   0   0   3   0   0   0   0   0   0   0   0   0   0   0   2
    0   0   0   0   0   0   1   0   0   0   0   0   0   0   0   0  25   1
    0]
 [  0   0   0   0   0   0   0   0   0   0   0   0   5   0   0   0   0   0
    0   0   0   0   0   0   1   1   0   0   0   0   0   0   0   0   0   0
    0   1   0   0   0   0   0   0   0   0   0   0   0   0   0   0   0   0
    5   0   0   0   0   0   0   0   0   0   0   0   0   0   0   0   0   1
    0   0   1   0   0   0   0   0   0   0   1   1   0   0   0   0   0  24
    0]
 [  0   0   0   0   0   0   0   0   0   0   0   0   0   0   0   0   0   0
    0   0   0   0   0   0   0   2   0   0   0   0   0   0   0   0   0   0
    0   0   0   4   0   0   0   0   0   0   1   0   0   0   0   0   0   0
    2   0   0   0   0   0   0   0   0   0   0   1   0   0   0   0   0   0
    0   0   1   0   0   0   0   1   0   0   0   0   0   0   0   0   0   0
   28]]